0_100c3076c74ee1874eb766e5a46fceab 23.700897499006622 0.9101438996743183 0.09230175279841131
1_1089cbe82dc0e72133d7c9e122eec9b6 25.768507402770375 0.9482348792406977 0.05570230388785807
2_10d388f6f578e4e8851f021b9ed69c58 21.544426266027955 0.8933214447936233 0.11303879472674155
3_10e15fd62309a13d1812324a4c0d910 25.89016023947268 0.9337279614137144 0.06968529480604493
4_1137cd58d6a45c6659a47b1880958de9 27.572184095577317 0.9545314336309627 0.05095760991834864
5_115170b8b44f9e2e5b2bb28aa7453162 22.994631504525945 0.9041524918711915 0.11035246736541086
6_11b09de6631b3b3ad997cda1a938a10d 23.25693655987175 0.9175493996970507 0.09273805644135086
7_11e5b7d67058e1d75f67208653687b70 27.023734949073013 0.9533958982448189 0.06517667912554984
8_12097984d9c51437b84d944e8a1952a5 23.242073156395737 0.8880772846085685 0.13632379768758404
9_1213742aa7815fd0e23d60a1b706b44f 26.885190885894154 0.94655748654385 0.073376329805778
10_1254c6ad2b420879d7622e6da48b19e5 23.389992981540914 0.9138519265213791 0.09003409127495726
